0.00390625 0.9999999884562075
0.01171875 0.9999999746352398
0.01953125 0.9999999452522963
0.02734375 0.9999998839418436
0.03515625 0.9999997584101772
0.04296875 0.9999995062692346
0.05078125 0.999999009573111
0.05859375 0.9999980502271165
0.06640625 0.9999962340006481
0.07421875 0.9999928646900265
0.08203125 0.999986741932336
0.08984375 0.9999758466356006
0.09765625 0.9999568682015663
0.10546875 0.9999245202238305
0.11328125 0.9998705903631766
0.12109375 0.9997826815117943
0.12890625 0.9996426319358624
0.13671875 0.999424657580534
0.14453125 0.9990933415991718
0.15234375 0.9986016975050512
0.16015625 0.9978896343808887
0.16796875 0.996883224496653
0.17578125 0.9954951783001631
0.18359375 0.9936268381260345
0.19140625 0.991171801936404
0.19921875 0.9880210093904147
0.20703125 0.984068827637155
0.21484375 0.9792194447885432
0.22265625 0.9733927847812518
0.23046875 0.9665292280307048
0.23828125 0.9585926357918604
0.24609375 0.9495714690806866
0.25390625 0.9394780871688824
0.26171875 0.9283465410637233
0.26953125 0.9162293095045562
0.27734375 0.9031934569445115
0.28515625 0.8893166462772502
0.29296875 0.8746833453872058
0.30078125 0.8593814564107005
0.30859375 0.8434994925917711
0.31640625 0.8271243428845421
0.32421875 0.8103396037374211
0.33203125 0.7932244198086328
0.33984375 0.7758527566520924
0.34765625 0.75829302360481
0.35546875 0.7406079694002184
0.36328125 0.722854782528185
0.37109375 0.7050853402509332
0.37890625 0.6873465626716608
0.38671875 0.6696808403939741
0.39453125 0.6521265158344192
0.40234375 0.6347184094456494
0.41015625 0.6174883938116937
0.41796875 0.6004660323299089
0.42578125 0.5836793176704627
0.43359375 0.5671555731614634
0.44140625 0.5509226265448608
0.44921875 0.5350104474806014
0.45703125 0.5194535930908453
0.46484375 0.5042951052276927
0.47265625 0.48959311708870745
0.48046875 0.4754327424520953
0.48828125 0.4619487399503625
0.49609375 0.449370934923721
0.50390625 0.43811716785357224
0.51171875 0.42896663072168706
0.51953125 0.42320252953810045
0.52734375 0.42166223275238146
0.53515625 0.421848260228584
0.54296875 0.4219668309692992
0.55078125 0.42201116357736157
0.55859375 0.42200158836023394
0.56640625 0.4219380263799175
0.57421875 0.4217975460887739
0.58203125 0.4215238644699535
0.58984375 0.42101311716792733
0.59765625 0.42010056618854513
0.60546875 0.4185548625116158
0.61328125 0.4160869664804844
0.62109375 0.4123785895883134
0.62890625 0.40712985591179984
0.63671875 0.4001190849915409
0.64453125 0.3912616395514934
0.65234375 0.38065228558686237
0.66015625 0.36857799920840945
0.66796875 0.3554952105627892
0.67578125 0.3419748207579228
0.68359375 0.32862676545448766
0.69140625 0.3160206537912048
0.69921875 0.30461880578449635
0.70703125 0.2947334068666225
0.71484375 0.2865124483963547
0.72265625 0.2799520512397716
0.73046875 0.27492764123683466
0.73828125 0.27123420662265274
0.74609375 0.2686263810530082
0.75390625 0.26685146829609785
0.76171875 0.2656715930440062
0.76953125 0.26487391912196556
0.77734375 0.26426970625203106
0.78515625 0.2636836953768167
0.79296875 0.26293508335038585
0.80078125 0.2618105877159712
0.80859375 0.2600295113766222
0.81640625 0.25720157880366384
0.82421875 0.25278323299602035
0.83203125 0.2460520950059465
0.83984375 0.23614989061138736
0.84765625 0.22229329617076315
0.85546875 0.20428103873344583
0.86328125 0.18327921123620108
0.87109375 0.1623126765394132
0.87890625 0.14528543766437932
0.88671875 0.13442327455638067
0.89453125 0.12890621059778012
0.90234375 0.12652148581670963
0.91015625 0.12557580267769358
0.91796875 0.12521501788024414
0.92578125 0.12507970110177558
0.93359375 0.12502938390108648
0.94140625 0.12501077951592243
0.94921875 0.12500393424891879
0.95703125 0.12500142798699448
0.96484375 0.12500051519846345
0.97265625 0.12500018466590573
0.98046875 0.12500006572515118
0.98828125 0.12500002321573878
0.99609375 0.12500000813427148
