-0.24285714285714285 0.0
-0.22857142857142856 0.0
-0.21428571428571427 0.0
-0.19999999999999998 0.0
-0.18571428571428572 0.0
-0.17142857142857143 0.0
-0.15714285714285714 0.0
-0.14285714285714288 0.0
-0.1285714285714286 0.0
-0.1142857142857143 0.2799999999999999
-0.1 0.5133333333333332
-0.08571428571428572 0.6533333333333331
-0.07142857142857142 2.2866666666666657
-0.057142857142857134 4.806666666666675
-0.04285714285714287 6.9066666666666645
-0.028571428571428584 9.286666666666664
-0.014285714285714294 10.499999999999996
-2.6020852139652106e-18 9.846666666666682
0.01428571428571426 9.146666666666663
0.02857142857142855 6.673333333333331
0.042857142857142844 4.433333333333332
0.057142857142857134 2.519999999999999
0.07142857142857142 1.1199999999999997
0.08571428571428572 0.3733333333333332
0.1 0.1866666666666666
0.1142857142857143 0.4199999999999999
0.1285714285714286 0.046666666666666835
0.14285714285714282 0.0
0.1571428571428571 0.0
0.1714285714285714 0.0
0.1857142857142857 0.0
0.19999999999999998 0.0
0.21428571428571427 0.0
0.22857142857142856 0.0
0.24285714285714285 0.0
