0.00390625 0.9999999838386896
0.01171875 0.999999964489336
0.01953125 0.9999999233532145
0.02734375 0.9999998375185782
0.03515625 0.9999996617742427
0.04296875 0.9999993087769075
0.05078125 0.9999986134022906
0.05859375 0.99999727031779
0.06640625 0.9999947276005536
0.07421875 0.9999900105658024
0.08203125 0.9999814387079646
0.08984375 0.9999661853102149
0.09765625 0.99993961558293
0.10546875 0.9998943287291859
0.11328125 0.9998188280392437
0.12109375 0.9996957592821922
0.12890625 0.9994997009118055
0.13671875 0.9991945682152049
0.14453125 0.9987308098959914
0.15234375 0.9980427203672058
0.16015625 0.9970463381130992
0.16796875 0.9956385061751042
0.17578125 0.9936976813295115
0.18359375 0.9910869473955675
0.19140625 0.9876594000753852
0.19921875 0.9832656617148801
0.20703125 0.9777628442689899
0.21484375 0.971023928545031
0.22265625 0.9629463762682897
0.23046875 0.9534588907315338
0.23828125 0.9425255646936778
0.24609375 0.9301471064928736
0.25390625 0.9163592946288224
0.26171875 0.901229172007773
0.26953125 0.8848496955819511
0.27734375 0.8673336005107337
0.28515625 0.848807154994549
0.29296875 0.8294043248727277
0.30078125 0.8092616863134883
0.30859375 0.7885142575526778
0.31640625 0.7672922873270122
0.32421875 0.7457189450074749
0.33203125 0.7239088026829433
0.33984375 0.7019669750246673
0.34765625 0.6799887798397978
0.35546875 0.6580597927448383
0.36328125 0.6362561870258294
0.37109375 0.6146452700711406
0.37890625 0.5932861480230913
0.38671875 0.5722304690875033
0.39453125 0.551523212846583
0.40234375 0.5312035082611265
0.41015625 0.5113054777764358
0.41796875 0.4918591207345373
0.42578125 0.4728912689132159
0.43359375 0.4544266752288731
0.44140625 0.436489342167152
0.44921875 0.4191042761924145
0.45703125 0.40230000252633974
0.46484375 0.3861124643788825
0.47265625 0.37059152453047856
0.48046875 0.3558125591905931
0.48828125 0.3418984544161207
0.49609375 0.3290635790492171
0.50390625 0.31770363599088763
0.51171875 0.30856317836146746
0.51953125 0.3028744162461767
0.52734375 0.301430020835387
0.53515625 0.3017201536914627
0.54296875 0.3019498835896108
0.55078125 0.30211385011147696
0.55859375 0.302237369290306
0.56640625 0.30233391913266705
0.57421875 0.3024115520169602
0.58203125 0.30247532501868013
0.58984375 0.30252854537064383
0.59765625 0.3025734445702008
0.60546875 0.3026115651714436
0.61328125 0.3026439935321076
0.62109375 0.30267150674608134
0.62890625 0.3026946697068569
0.63671875 0.30271390152645977
0.64453125 0.30272952151415033
0.65234375 0.30274177986399997
0.66015625 0.30275087536886314
0.66796875 0.3027569611264314
0.67578125 0.3027601385564893
0.68359375 0.3027604390468992
0.69140625 0.30275779022003024
0.69921875 0.30275195915590436
0.70703125 0.3027424564951302
0.71484375 0.3027283711259388
0.72265625 0.3027080822061291
0.73046875 0.3026787593914886
0.73828125 0.3026355074047596
0.74609375 0.30256992906576796
0.75390625 0.30246775955231125
0.76171875 0.3023050467812598
0.76953125 0.30204209509815166
0.77734375 0.30161402496468726
0.78515625 0.3009163129070931
0.79296875 0.29978310021186066
0.80078125 0.2979556061482085
0.80859375 0.29503833345853137
0.81640625 0.2904437284793948
0.82421875 0.28333579039652407
0.83203125 0.2726081834050241
0.83984375 0.2569844496705842
0.84765625 0.2354059175956115
0.85546875 0.20789713871994558
0.86328125 0.1767823295955903
0.87109375 0.14711714308086143
0.87890625 0.12447332939204289
0.88671875 0.11095934724635463
0.89453125 0.1044467052310137
0.90234375 0.10171507110298109
0.91015625 0.1006464842741009
0.91796875 0.10024104201928583
0.92578125 0.10008929585946524
0.93359375 0.10003291414987933
0.94140625 0.10001207362312739
0.94921875 0.10000440643448183
0.95703125 0.10000159935546268
0.96484375 0.10000057702359255
0.97265625 0.10000020682598454
0.98046875 0.10000007361219092
0.98828125 0.10000002600163035
0.99609375 0.1000000091103845
