0.00390625 0.10000000055010391
0.01171875 0.10000000133016083
0.01953125 0.10000000315758292
0.02734375 0.10000000735738936
0.03515625 0.1000000168242217
0.04296875 0.10000003774930794
0.05078125 0.10000008309268389
0.05859375 0.10000017939476494
0.06640625 0.10000037980405171
0.07421875 0.10000078834817853
0.08203125 0.10000160393588695
0.08984375 0.10000319789457554
0.09765625 0.10000624659162155
0.10546875 0.10001195125477189
0.11328125 0.10002239035959838
0.12109375 0.10004106465773623
0.12890625 0.10007370803423946
0.13671875 0.10012944335752014
0.14453125 0.10022235299804853
0.15234375 0.10037349843347876
0.16015625 0.10061335262812517
0.16796875 0.10098449844313756
0.17578125 0.1015443040353162
0.18359375 0.10236713797157124
0.19140625 0.10354557787984373
0.19921875 0.10519005305951212
0.20703125 0.10742649071837965
0.21484375 0.11039181889032479
0.22265625 0.114227572322322
0.23046875 0.11907225242322063
0.23828125 0.12505338717646758
0.24609375 0.13228032583094584
0.25390625 0.14083865797665304
0.26171875 0.15078681800023688
0.26953125 0.1621550283772055
0.27734375 0.17494636145661568
0.28515625 0.1891394394524806
0.29296875 0.20469217549494534
0.30078125 0.22154596879954505
0.30859375 0.23962986251454324
0.31640625 0.25886430676772204
0.32421875 0.27916430387886626
0.33203125 0.3004418238828546
0.33984375 0.32260745590018874
0.34765625 0.34557130314965584
0.35546875 0.3692431398193386
0.36328125 0.39353183088153704
0.37109375 0.418343974091486
0.37890625 0.4435816569021019
0.38671875 0.46913912676533737
0.39453125 0.49489804605982163
0.40234375 0.5207208395260023
0.41015625 0.5464414537740923
0.41796875 0.5718526928923784
0.42578125 0.5966893535135478
0.43359375 0.6206071324772936
0.44140625 0.6431597957662634
0.44921875 0.663783384269748
0.45703125 0.6818087058060509
0.46484375 0.696540526798896
0.47265625 0.7074456137023337
0.48046875 0.7144347765437373
0.48828125 0.7180754786199262
0.49609375 0.7194703820601981
0.50390625 0.7197707645011491
0.51171875 0.7197257775508663
0.51953125 0.7196311179429671
0.52734375 0.7195464615305536
0.53515625 0.7194724620320303
0.54296875 0.719406044025282
0.55078125 0.7193453112906879
0.55859375 0.7192890217712539
0.56640625 0.7192363121046847
0.57421875 0.7191865467545677
0.58203125 0.7191392312800728
0.58984375 0.7190939596441677
0.59765625 0.7190503806374329
0.60546875 0.7190081755899552
0.61328125 0.7189670429678674
0.62109375 0.7189266869102124
0.62890625 0.7188868070287877
0.63671875 0.7188470861511149
0.64453125 0.7188071710426861
0.65234375 0.7187666379222053
0.66015625 0.718724928532384
0.66796875 0.7186812315627782
0.67578125 0.7186342653048295
0.68359375 0.7185818865328915
0.69140625 0.7185204028672565
0.69921875 0.7184433958858681
0.70703125 0.7183397646022638
0.71484375 0.718190568733882
0.72265625 0.7179640845094076
0.73046875 0.7176082799519276
0.73828125 0.717039670993414
0.74609375 0.7161272387147501
0.75390625 0.7146697903998578
0.76171875 0.7123648933654031
0.76953125 0.7087674668308495
0.77734375 0.7032366937733422
0.78515625 0.6948720394746508
0.79296875 0.682444767350945
0.80078125 0.6643440739809375
0.80859375 0.6385827107642528
0.81640625 0.6029520283441058
0.82421875 0.5554761757300842
0.83203125 0.49533749024242546
0.83984375 0.424262834025542
0.84765625 0.34772203189091544
0.85546875 0.2744128940284117
0.86328125 0.21298352155967942
0.87109375 0.16794932276670516
0.87890625 0.13854598615210584
0.88671875 0.1209665842976642
0.89453125 0.11107627382481969
0.90234375 0.10573050566274789
0.91015625 0.10291736534365048
0.91796875 0.10146501607528818
0.92578125 0.10072646399281396
0.93359375 0.10035583895559631
0.94140625 0.10017216542077866
0.94921875 0.10008226226833648
0.95703125 0.10003880579737354
0.96484375 0.10001806781223321
0.97265625 0.10000830049223851
0.98046875 0.10000376164132767
0.98828125 0.10000168121668657
0.99609375 0.10000074088734276
