-0.24285714285714285 0.0
-0.22857142857142856 0.0
-0.21428571428571427 0.0
-0.19999999999999998 0.0
-0.18571428571428572 0.0
-0.17142857142857143 0.0
-0.15714285714285714 0.0
-0.14285714285714288 0.0
-0.1285714285714286 0.0
-0.1142857142857143 0.0
-0.1 0.0
-0.08571428571428572 0.028901734104046232
-0.07142857142857142 0.2601156069364161
-0.057142857142857134 1.0115606936416202
-0.04285714285714287 1.3294797687861268
-0.028571428571428584 1.9364161849710975
-0.014285714285714294 3.121387283236993
-2.6020852139652106e-18 3.843930635838156
0.01428571428571426 5.202312138728322
0.02857142857142855 7.427745664739882
0.042857142857142844 6.878612716763003
0.057142857142857134 5.664739884393061
0.07142857142857142 5.693641618497107
0.08571428571428572 5.289017341040461
0.1 5.260115606936415
0.1142857142857143 4.913294797687859
0.1285714285714286 3.8439306358381637
0.14285714285714282 2.601156069364161
0.1571428571428571 2.3121387283236987
0.1714285714285714 0.4624277456647397
0.1857142857142857 0.14450867052023117
0.19999999999999998 0.5491329479768784
0.21428571428571427 1.0982658959537568
0.22857142857142856 0.7225433526011558
0.24285714285714285 0.40462427745664725
