-0.24285714285714285 0.0
-0.22857142857142856 0.0
-0.21428571428571427 0.0
-0.19999999999999998 0.0
-0.18571428571428572 0.0
-0.17142857142857143 0.0
-0.15714285714285714 0.0
-0.14285714285714288 0.0
-0.1285714285714286 0.0
-0.1142857142857143 0.0
-0.1 0.13999999999999996
-0.08571428571428572 0.04666666666666665
-0.07142857142857142 0.6533333333333331
-0.057142857142857134 2.2400000000000038
-0.04285714285714287 4.433333333333332
-0.028571428571428584 6.439999999999998
-0.014285714285714294 8.446666666666664
-2.6020852139652106e-18 11.433333333333353
0.01428571428571426 10.546666666666663
0.02857142857142855 10.17333333333333
0.042857142857142844 8.259999999999998
0.057142857142857134 3.9666666666666655
0.07142857142857142 2.3333333333333326
0.08571428571428572 0.5599999999999998
0.1 0.0933333333333333
0.1142857142857143 0.1866666666666666
0.1285714285714286 0.046666666666666835
0.14285714285714282 0.0
0.1571428571428571 0.0
0.1714285714285714 0.0
0.1857142857142857 0.0
0.19999999999999998 0.0
0.21428571428571427 0.0
0.22857142857142856 0.0
0.24285714285714285 0.0
