-0.24285714285714285 0.0
-0.22857142857142856 0.0
-0.21428571428571427 0.0
-0.19999999999999998 0.0
-0.18571428571428572 0.0
-0.17142857142857143 0.0
-0.15714285714285714 0.0
-0.14285714285714288 0.0
-0.1285714285714286 0.0
-0.1142857142857143 0.0
-0.1 0.0
-0.08571428571428572 0.2519999999999999
-0.07142857142857142 0.44799999999999984
-0.057142857142857134 0.644000000000001
-0.04285714285714287 1.7919999999999994
-0.028571428571428584 2.7159999999999993
-0.014285714285714294 4.563999999999998
-2.6020852139652106e-18 7.112000000000012
0.01428571428571426 7.363999999999997
0.02857142857142855 8.455999999999998
0.042857142857142844 9.071999999999997
0.057142857142857134 8.035999999999998
0.07142857142857142 7.447999999999997
0.08571428571428572 5.907999999999998
0.1 2.575999999999999
0.1142857142857143 2.1839999999999993
0.1285714285714286 1.2040000000000044
0.14285714285714282 0.22399999999999992
0.1571428571428571 0.0
0.1714285714285714 0.0
0.1857142857142857 0.0
0.19999999999999998 0.0
0.21428571428571427 0.0
0.22857142857142856 0.0
0.24285714285714285 0.0
