-0.24285714285714285 0.0
-0.22857142857142856 0.0
-0.21428571428571427 0.0
-0.19999999999999998 0.0
-0.18571428571428572 0.0
-0.17142857142857143 0.0
-0.15714285714285714 0.0
-0.14285714285714288 0.0
-0.1285714285714286 0.0
-0.1142857142857143 0.0
-0.1 0.0
-0.08571428571428572 0.0
-0.07142857142857142 0.4666666666666665
-0.057142857142857134 1.8666666666666698
-0.04285714285714287 3.4999999999999987
-0.028571428571428584 5.553333333333331
-0.014285714285714294 8.726666666666665
-2.6020852139652106e-18 12.646666666666686
0.01428571428571426 14.373333333333328
0.02857142857142855 9.659999999999997
0.042857142857142844 8.819999999999997
0.057142857142857134 3.639999999999999
0.07142857142857142 0.7466666666666664
0.08571428571428572 0.0
0.1 0.0
0.1142857142857143 0.0
0.1285714285714286 0.0
0.14285714285714282 0.0
0.1571428571428571 0.0
0.1714285714285714 0.0
0.1857142857142857 0.0
0.19999999999999998 0.0
0.21428571428571427 0.0
0.22857142857142856 0.0
0.24285714285714285 0.0
