-0.24285714285714285 0.0
-0.22857142857142856 0.0
-0.21428571428571427 0.0
-0.19999999999999998 0.0
-0.18571428571428572 0.0
-0.17142857142857143 0.0
-0.15714285714285714 0.0
-0.14285714285714288 0.2799999999999999
-0.1285714285714286 0.32666666666666655
-0.1142857142857143 0.4666666666666665
-0.1 0.5599999999999998
-0.08571428571428572 0.4199999999999999
-0.07142857142857142 1.073333333333333
-0.057142857142857134 1.3533333333333355
-0.04285714285714287 2.893333333333332
-0.028571428571428584 3.8266666666666653
-0.014285714285714294 3.9199999999999986
-2.6020852139652106e-18 5.460000000000009
0.01428571428571426 5.459999999999998
0.02857142857142855 4.246666666666665
0.042857142857142844 4.666666666666665
0.057142857142857134 5.459999999999998
0.07142857142857142 6.299999999999997
0.08571428571428572 5.506666666666664
0.1 4.899999999999999
0.1142857142857143 4.386666666666666
0.1285714285714286 2.9866666666666775
0.14285714285714282 2.146666666666666
0.1571428571428571 1.6333333333333326
0.1714285714285714 0.6999999999999997
0.1857142857142857 0.32666666666666655
0.19999999999999998 0.2799999999999999
0.21428571428571427 0.1866666666666666
0.22857142857142856 0.1866666666666666
0.24285714285714285 0.04666666666666665
