-0.24285714285714285 0.0
-0.22857142857142856 0.0
-0.21428571428571427 0.0
-0.19999999999999998 0.0
-0.18571428571428572 0.0
-0.17142857142857143 0.0
-0.15714285714285714 0.0
-0.14285714285714288 0.0
-0.1285714285714286 0.0
-0.1142857142857143 0.0
-0.1 0.0
-0.08571428571428572 0.0
-0.07142857142857142 0.0
-0.057142857142857134 0.0
-0.04285714285714287 0.0
-0.028571428571428584 0.4199999999999998
-0.014285714285714294 10.023999999999997
-2.6020852139652106e-18 21.952000000000034
0.01428571428571426 21.167999999999996
0.02857142857142855 10.947999999999995
0.042857142857142844 3.9759999999999986
0.057142857142857134 1.2879999999999996
0.07142857142857142 0.19599999999999992
0.08571428571428572 0.02799999999999999
0.1 0.0
0.1142857142857143 0.0
0.1285714285714286 0.0
0.14285714285714282 0.0
0.1571428571428571 0.0
0.1714285714285714 0.0
0.1857142857142857 0.0
0.19999999999999998 0.0
0.21428571428571427 0.0
0.22857142857142856 0.0
0.24285714285714285 0.0
