0.00390625 0.8999999994141948
0.01171875 0.8999999985835166
0.01953125 0.8999999966375053
0.02734375 0.8999999921651552
0.03515625 0.8999999820839788
0.04296875 0.8999999598009728
0.05078125 0.899999911515069
0.05859375 0.8999998089635334
0.06640625 0.8999995955488485
0.07421875 0.8999991604926648
0.08203125 0.8999982919785633
0.08984375 0.8999965945835867
0.09765625 0.8999933480535774
0.10546875 0.8999872732282403
0.11328125 0.8999761568206534
0.12109375 0.8999562711294631
0.12890625 0.8999215108881363
0.13671875 0.8998621633277303
0.14453125 0.899763238192623
0.15234375 0.8996023232301835
0.16015625 0.8993470084938913
0.16796875 0.8989520449824642
0.17578125 0.8983565621633275
0.18359375 0.8974818373526403
0.19140625 0.8962302379638842
0.19921875 0.8944859809340917
0.20703125 0.8921182143287586
0.21484375 0.8889866032945714
0.22265625 0.8849491386139041
0.23046875 0.879871390847585
0.23828125 0.8736360533124704
0.24609375 0.8661514802202245
0.25390625 0.8573580838714064
0.26171875 0.8472318590537468
0.26953125 0.8357848286495445
0.27734375 0.8230627040213413
0.28515625 0.809140412366381
0.29296875 0.7941163107492859
0.30078125 0.7781058961655781
0.30859375 0.7612356861307429
0.31640625 0.7436377498465395
0.32421875 0.725445171061993
0.33203125 0.706788555864512
0.33984375 0.6877935777340547
0.34765625 0.6685794797239597
0.35546875 0.649258422965807
0.36328125 0.6299355724443036
0.37109375 0.6107098364887359
0.37890625 0.5916752195005613
0.38671875 0.5729228048057684
0.39453125 0.5545434550486412
0.40234375 0.5366313997144269
0.41015625 0.5192889648998079
0.41796875 0.5026327587454514
0.42578125 0.4868015680804147
0.43359375 0.4719658243104436
0.44140625 0.4583372665473465
0.44921875 0.44617446625236823
0.45703125 0.43577412243978786
0.46484375 0.427430242323076
0.47265625 0.42134187095275266
0.48046875 0.4174771517955129
0.48828125 0.4154733043769063
0.49609375 0.41470425723138976
0.50390625 0.4145343326598764
0.51171875 0.41455302446093
0.51953125 0.41459857006897816
0.52734375 0.41463830906534505
0.53515625 0.4146718540580564
0.54296875 0.41470085347537494
0.55078125 0.4147263062927178
0.55859375 0.4147488477661236
0.56640625 0.41476889839582753
0.57421875 0.414786744666752
0.58203125 0.4148025850874178
0.58984375 0.41481655854008254
0.59765625 0.41482876343304265
0.60546875 0.41483927168763773
0.61328125 0.414848138935853
0.62109375 0.41485541077964705
0.62890625 0.4148611243059535
0.63671875 0.41486530392527043
0.64453125 0.4148679504137435
0.65234375 0.4148690210018193
0.66015625 0.41486839559363736
0.66796875 0.41486581873562534
0.67578125 0.4148607975274235
0.68359375 0.4148524206117659
0.69140625 0.41483904059099447
0.69921875 0.4148177293254349
0.70703125 0.41478337020554373
0.71484375 0.4147271916208023
0.72265625 0.41463447019484495
0.73046875 0.4144810411359197
0.73828125 0.4142281496333614
0.74609375 0.4138150721404483
0.75390625 0.41314885682645847
0.76171875 0.4120905435271512
0.76953125 0.41043747127686736
0.77734375 0.40790207183914007
0.78515625 0.40408946773033555
0.79296875 0.3984802385240017
0.80078125 0.39043223086242757
0.80859375 0.3792270851956995
0.81640625 0.36420045530476397
0.82421875 0.3449961959071789
0.83203125 0.3219409598639029
0.83984375 0.2964043758812131
0.84765625 0.2708202209033646
0.85546875 0.2480355792796716
0.86328125 0.23015204281899626
0.87109375 0.21771092856357144
0.87890625 0.20988884041233727
0.88671875 0.20532661904185073
0.89453125 0.2027981689905391
0.90234375 0.20144321171180546
0.91015625 0.20073352165507674
0.91796875 0.20036803774826767
0.92578125 0.20018242049278273
0.93359375 0.20008933403127274
0.94140625 0.20004321768575678
0.94921875 0.2000206486999938
0.95703125 0.20000974040928043
0.96484375 0.20000453503532928
0.97265625 0.2000020834177263
0.98046875 0.20000094416669306
0.98828125 0.2000004219824866
0.99609375 0.20000018596134544
