0.00390625 0.8999999995815686
0.01171875 0.8999999989882262
0.01953125 0.8999999975982176
0.02734375 0.8999999944036823
0.03515625 0.8999999872028419
0.04296875 0.8999999712864097
0.05078125 0.8999999367964786
0.05859375 0.8999998635453832
0.06640625 0.899999711106327
0.07421875 0.8999994003519285
0.08203125 0.899998779984769
0.08984375 0.8999975675599227
0.09765625 0.899995248610138
0.10546875 0.8999909094489316
0.11328125 0.8999829691533716
0.12109375 0.8999687650620749
0.12890625 0.8999439361998316
0.13671875 0.8999015446217795
0.14453125 0.8998308821760512
0.15234375 0.8997159376169874
0.16015625 0.8995335539953819
0.16796875 0.8992513923557721
0.17578125 0.8988259293070451
0.18359375 0.8982008332291269
0.19140625 0.8973061515140757
0.19921875 0.896058754659217
0.20703125 0.8943643834182768
0.21484375 0.8921214207622333
0.22265625 0.8892261934342336
0.23046875 0.8855792753562699
0.23828125 0.881092015834181
0.24609375 0.8756924310232082
0.25390625 0.8693297063185524
0.26171875 0.8619768241824058
0.26953125 0.8536311731779764
0.27734375 0.8443133154183673
0.28515625 0.8340643205039963
0.29296875 0.8229421845785247
0.30078125 0.8110178523737346
0.30859375 0.7983712809619282
0.31640625 0.7850878660432389
0.32421875 0.7712554287952116
0.33203125 0.7569618559126768
0.33984375 0.7422934081323403
0.34765625 0.7273336651983717
0.35546875 0.7121630547872219
0.36328125 0.696858914442798
0.37109375 0.6814960545026127
0.37890625 0.6661478233013067
0.38671875 0.6508877225136804
0.39453125 0.6357916806246839
0.40234375 0.6209411657730393
0.41015625 0.6064273987939341
0.41796875 0.5923569855739653
0.42578125 0.5788592424169584
0.43359375 0.5660951287601133
0.44140625 0.5542665590448187
0.44921875 0.5436220716707614
0.45703125 0.5344493514822062
0.46484375 0.5270376254470358
0.47265625 0.5215915443275303
0.48046875 0.5181040793047289
0.48828125 0.5162635064437473
0.49609375 0.515515778389076
0.50390625 0.5152954960623191
0.51171875 0.5152373637042573
0.51953125 0.5151971980415893
0.52734375 0.5151447212892997
0.53515625 0.5150747115800502
0.54296875 0.5149727073157923
0.55078125 0.5147976737509888
0.55859375 0.5144589183424682
0.56640625 0.5137887434994155
0.57421875 0.5125220196553953
0.58203125 0.5102984413587943
0.58984375 0.5067008757290359
0.59765625 0.5013320134043109
0.60546875 0.4939148486397493
0.61328125 0.48438814241081296
0.62109375 0.4729640040028198
0.62890625 0.4601244454525327
0.63671875 0.446553652790339
0.64453125 0.4330241269380675
0.65234375 0.42026873918501884
0.66015625 0.4088722145717526
0.66796875 0.3992056242738661
0.67578125 0.39141164690575625
0.68359375 0.3854333583743976
0.69140625 0.3810699633633955
0.69921875 0.3780407000985493
0.70703125 0.37604170440383633
0.71484375 0.3747870015958642
0.72265625 0.37403116931775815
0.73046875 0.3735757780945866
0.73828125 0.3732639118460749
0.74609375 0.3729672685473723
0.75390625 0.3725693395540485
0.76171875 0.37194677711664087
0.76953125 0.37094990713023723
0.77734375 0.3693828665473488
0.78515625 0.3669844363902597
0.79296875 0.3634128381714603
0.80078125 0.35824231861454214
0.80859375 0.3509868419138604
0.81640625 0.3411753494766345
0.82421875 0.32850649897321077
0.83203125 0.3130892389634476
0.83984375 0.2957007552779025
0.84765625 0.27786943349860704
0.85546875 0.2615418067093841
0.86328125 0.24834114025704512
0.87109375 0.23890290462851166
0.87890625 0.23283847139389613
0.88671875 0.229247912286889
0.89453125 0.22723936935141598
0.90234375 0.22615724293400358
0.91015625 0.22558878655022202
0.91796875 0.2252955786239988
0.92578125 0.2251465465780858
0.93359375 0.22507177623617514
0.94140625 0.22503472611671324
0.94921875 0.22501659215450098
0.95703125 0.22500782699032565
0.96484375 0.22500364419749758
0.97265625 0.22500167416910938
0.98046875 0.22500075870415934
0.98828125 0.2250003390928224
0.99609375 0.22500014943317523
