-0.24285714285714285 0.13999999999999996
-0.22857142857142856 0.22399999999999992
-0.21428571428571427 0.5599999999999998
-0.19999999999999998 0.7840000000000013
-0.18571428571428572 1.1479999999999997
-0.17142857142857143 2.043999999999999
-0.15714285714285714 2.1560000000000037
-0.14285714285714288 2.911999999999999
-0.1285714285714286 3.7519999999999984
-0.1142857142857143 2.743999999999999
-0.1 3.0519999999999987
-0.08571428571428572 3.8359999999999985
-0.07142857142857142 4.423999999999999
-0.057142857142857134 4.228000000000007
-0.04285714285714287 5.291999999999999
-0.028571428571428584 6.327999999999998
-0.014285714285714294 6.355999999999998
-2.6020852139652106e-18 5.180000000000008
0.01428571428571426 4.591999999999999
0.02857142857142855 3.3039999999999985
0.042857142857142844 1.7919999999999994
0.057142857142857134 1.5959999999999994
0.07142857142857142 1.5119999999999993
0.08571428571428572 0.8399999999999996
0.1 0.4759999999999998
0.1142857142857143 0.44799999999999984
0.1285714285714286 0.1960000000000007
0.14285714285714282 0.08399999999999998
0.1571428571428571 0.0
0.1714285714285714 0.0
0.1857142857142857 0.0
0.19999999999999998 0.0
0.21428571428571427 0.0
0.22857142857142856 0.0
0.24285714285714285 0.0
