-9.921875000000000000e-01 1.000000000000000000e+00
-9.765625000000000000e-01 1.000000000000000000e+00
-9.609375000000000000e-01 1.000000000000000000e+00
-9.453125000000000000e-01 1.000000000000000000e+00
-9.296875000000000000e-01 1.000000000000000000e+00
-9.140625000000000000e-01 1.000000000000000000e+00
-8.984375000000000000e-01 1.000000000000000000e+00
-8.828125000000000000e-01 1.000000000000000000e+00
-8.671875000000000000e-01 1.000000000000000000e+00
-8.515625000000000000e-01 1.000000000000000000e+00
-8.359375000000000000e-01 1.000000000000000000e+00
-8.203125000000000000e-01 1.000000000000000000e+00
-8.046875000000000000e-01 1.000000000000000000e+00
-7.890625000000000000e-01 1.000000000000000000e+00
-7.734375000000000000e-01 1.000000000000000000e+00
-7.578125000000000000e-01 1.000000000000000000e+00
-7.421875000000000000e-01 1.000000000000000000e+00
-7.265625000000000000e-01 1.000000000000000000e+00
-7.109375000000000000e-01 1.000000000000000000e+00
-6.953125000000000000e-01 1.000000000000000000e+00
-6.796875000000000000e-01 1.000000000000000000e+00
-6.640625000000000000e-01 1.000000000000000000e+00
-6.484375000000000000e-01 1.000000000000000000e+00
-6.328125000000000000e-01 1.000000000000000000e+00
-6.171875000000000000e-01 1.000000000000000000e+00
-6.015625000000000000e-01 1.000000000000000000e+00
-5.859375000000000000e-01 1.000000000000000000e+00
-5.703125000000000000e-01 1.000000000000000000e+00
-5.546875000000000000e-01 1.000000000000000000e+00
-5.390625000000000000e-01 1.000000000000000000e+00
-5.234375000000000000e-01 1.000000000000000000e+00
-5.078125000000000000e-01 1.000000000000000000e+00
-4.921875000000000000e-01 1.000000000000000000e+00
-4.765625000000000000e-01 1.000000000000000000e+00
-4.609375000000000000e-01 1.000000000000000000e+00
-4.453125000000000000e-01 1.000000000000000000e+00
-4.296875000000000000e-01 1.000000000000000000e+00
-4.140625000000000000e-01 1.000000000000000000e+00
-3.984375000000000000e-01 1.000000000000000000e+00
-3.828125000000000000e-01 1.000000000000000000e+00
-3.671875000000000000e-01 1.000000000000000000e+00
-3.515625000000000000e-01 1.000000000000000000e+00
-3.359375000000000000e-01 1.000000000000000000e+00
-3.203125000000000000e-01 1.000000000000000000e+00
-3.046875000000000000e-01 1.000000000000000000e+00
-2.890625000000000000e-01 1.000000000000000000e+00
-2.734375000000000000e-01 1.000000000000000000e+00
-2.578125000000000000e-01 1.000000000000000000e+00
-2.421875000000000000e-01 1.000000000000000000e+00
-2.265625000000000000e-01 1.000000000000000000e+00
-2.109375000000000000e-01 1.000000000000000000e+00
-1.953125000000000000e-01 1.000000000000000000e+00
-1.796875000000000000e-01 1.000000000000000000e+00
-1.640625000000000000e-01 1.000000000000000000e+00
-1.484375000000000000e-01 1.000000000000000000e+00
-1.328125000000000000e-01 1.000000000000000000e+00
-1.171875000000000000e-01 1.000000000000000000e+00
-1.015625000000000000e-01 1.000000000000000000e+00
-8.593750000000000000e-02 1.000000000000000000e+00
-7.031250000000000000e-02 1.000000000000000000e+00
-5.468750000000000000e-02 1.000000000000000000e+00
-3.906250000000000000e-02 1.000000000000000000e+00
-2.343750000000000000e-02 1.000000000000000000e+00
-7.812500000000000000e-03 1.000000000000000000e+00
7.812500000000000000e-03 1.000000000000000000e+00
2.343750000000000000e-02 1.000000000000000000e+00
3.906250000000000000e-02 1.000000000000000000e+00
5.468750000000000000e-02 1.000000000000000000e+00
7.031250000000000000e-02 1.000000000000000000e+00
8.593750000000000000e-02 1.000000000000000000e+00
1.015625000000000000e-01 1.000000000000000000e+00
1.171875000000000000e-01 1.000000000000000000e+00
1.328125000000000000e-01 1.000000000000000000e+00
1.484375000000000000e-01 1.000000000000000000e+00
1.640625000000000000e-01 1.000000000000000000e+00
1.796875000000000000e-01 1.000000000000000000e+00
1.953125000000000000e-01 1.000000000000000000e+00
2.109375000000000000e-01 1.000000000000000000e+00
2.265625000000000000e-01 1.000000000000000000e+00
2.421875000000000000e-01 1.000000000000000000e+00
2.578125000000000000e-01 9.999999999999997780e-01
2.734375000000000000e-01 9.999999999999968914e-01
2.890625000000000000e-01 9.999999999999633626e-01
3.046875000000000000e-01 9.999999999995785593e-01
3.203125000000000000e-01 9.999999999951730834e-01
3.359375000000000000e-01 9.999999999447437560e-01
3.515625000000000000e-01 9.999999993675570131e-01
3.671875000000000000e-01 9.999999927617385653e-01
3.828125000000000000e-01 9.999999171609453841e-01
3.984375000000000000e-01 9.999990519968746661e-01
4.140625000000000000e-01 9.999891575741353122e-01
4.296875000000000000e-01 9.998767620400279554e-01
4.453125000000000000e-01 9.986644230382952792e-01
4.609375000000000000e-01 9.880692979312932778e-01
4.765625000000000000e-01 9.277075965528703838e-01
4.921875000000000000e-01 7.244250095691130431e-01
5.078125000000000000e-01 3.259525548595800792e-01
5.234375000000000000e-01 2.508854271852273624e-02
5.390625000000000000e-01 2.361285644362934397e-05
5.546875000000000000e-01 4.953995250468773895e-13
5.703125000000000000e-01 2.217022355748592318e-32
5.859375000000000000e-01 3.882194155843706355e-81
6.015625000000000000e-01 5.367339902709071514e-204
6.171875000000000000e-01 0.000000000000000000e+00
6.328125000000000000e-01 0.000000000000000000e+00
6.484375000000000000e-01 0.000000000000000000e+00
6.640625000000000000e-01 0.000000000000000000e+00
6.796875000000000000e-01 0.000000000000000000e+00
6.953125000000000000e-01 0.000000000000000000e+00
7.109375000000000000e-01 0.000000000000000000e+00
7.265625000000000000e-01 0.000000000000000000e+00
7.421875000000000000e-01 0.000000000000000000e+00
7.578125000000000000e-01 0.000000000000000000e+00
7.734375000000000000e-01 0.000000000000000000e+00
7.890625000000000000e-01 0.000000000000000000e+00
8.046875000000000000e-01 0.000000000000000000e+00
8.203125000000000000e-01 0.000000000000000000e+00
8.359375000000000000e-01 0.000000000000000000e+00
8.515625000000000000e-01 0.000000000000000000e+00
8.671875000000000000e-01 0.000000000000000000e+00
8.828125000000000000e-01 0.000000000000000000e+00
8.984375000000000000e-01 0.000000000000000000e+00
9.140625000000000000e-01 0.000000000000000000e+00
9.296875000000000000e-01 0.000000000000000000e+00
9.453125000000000000e-01 0.000000000000000000e+00
9.609375000000000000e-01 0.000000000000000000e+00
9.765625000000000000e-01 0.000000000000000000e+00
9.921875000000000000e-01 0.000000000000000000e+00
