-9.921875000000000000e-01 1.099999999999999867e+00
-9.765625000000000000e-01 1.099999999999999867e+00
-9.609375000000000000e-01 1.099999999999999867e+00
-9.453125000000000000e-01 1.099999999999999867e+00
-9.296875000000000000e-01 1.099999999999999867e+00
-9.140625000000000000e-01 1.099999999999999867e+00
-8.984375000000000000e-01 1.099999999999999867e+00
-8.828125000000000000e-01 1.099999999999999867e+00
-8.671875000000000000e-01 1.099999999999999867e+00
-8.515625000000000000e-01 1.099999999999999867e+00
-8.359375000000000000e-01 1.099999999999999867e+00
-8.203125000000000000e-01 1.099999999999999867e+00
-8.046875000000000000e-01 1.099999999999999867e+00
-7.890625000000000000e-01 1.099999999999999867e+00
-7.734375000000000000e-01 1.099999999999999867e+00
-7.578125000000000000e-01 1.099999999999999867e+00
-7.421875000000000000e-01 1.099999999999999867e+00
-7.265625000000000000e-01 1.099999999999999867e+00
-7.109375000000000000e-01 1.099999999999999867e+00
-6.953125000000000000e-01 1.099999999999999867e+00
-6.796875000000000000e-01 1.099999999999999867e+00
-6.640625000000000000e-01 1.099999999999999867e+00
-6.484375000000000000e-01 1.099999999999999867e+00
-6.328125000000000000e-01 1.099999999999999867e+00
-6.171875000000000000e-01 1.099999999999999867e+00
-6.015625000000000000e-01 1.099999999999999867e+00
-5.859375000000000000e-01 1.099999999999999867e+00
-5.703125000000000000e-01 1.099999999999999867e+00
-5.546875000000000000e-01 1.099999999999999867e+00
-5.390625000000000000e-01 1.099999999999999867e+00
-5.234375000000000000e-01 1.099999999999999867e+00
-5.078125000000000000e-01 1.099999999999999867e+00
-4.921875000000000000e-01 1.099999999999999645e+00
-4.765625000000000000e-01 1.099999999999999645e+00
-4.609375000000000000e-01 1.099999999999999645e+00
-4.453125000000000000e-01 1.099999999999999645e+00
-4.296875000000000000e-01 1.099999999999999645e+00
-4.140625000000000000e-01 1.099999999999999645e+00
-3.984375000000000000e-01 1.099999999999999645e+00
-3.828125000000000000e-01 1.099999999999999645e+00
-3.671875000000000000e-01 1.099999999999999645e+00
-3.515625000000000000e-01 1.099999999999999645e+00
-3.359375000000000000e-01 1.099999999999999645e+00
-3.203125000000000000e-01 1.099999999999999645e+00
-3.046875000000000000e-01 1.099999999999999645e+00
-2.890625000000000000e-01 1.099999999999999645e+00
-2.734375000000000000e-01 1.099999999999999645e+00
-2.578125000000000000e-01 1.099999999999999645e+00
-2.421875000000000000e-01 1.099999999999999867e+00
-2.265625000000000000e-01 1.099999999999999867e+00
-2.109375000000000000e-01 1.099999999999999867e+00
-1.953125000000000000e-01 1.099999999999999867e+00
-1.796875000000000000e-01 1.099999999999999867e+00
-1.640625000000000000e-01 1.099999999999999867e+00
-1.484375000000000000e-01 1.099999999999999867e+00
-1.328125000000000000e-01 1.099999999999999867e+00
-1.171875000000000000e-01 1.099999999999999867e+00
-1.015625000000000000e-01 1.099999999999999867e+00
-8.593750000000000000e-02 1.099999999999999867e+00
-7.031250000000000000e-02 1.099999999999999867e+00
-5.468750000000000000e-02 1.099999999999999867e+00
-3.906250000000000000e-02 1.099999999999999867e+00
-2.343750000000000000e-02 1.099999999999999867e+00
-7.812500000000000000e-03 1.099999999999999867e+00
7.812500000000000000e-03 1.099999999999999867e+00
2.343750000000000000e-02 1.099999999999999867e+00
3.906250000000000000e-02 1.099999999999999867e+00
5.468750000000000000e-02 1.099999999999999867e+00
7.031250000000000000e-02 1.099999999999999867e+00
8.593750000000000000e-02 1.099999999999999867e+00
1.015625000000000000e-01 1.099999999999999645e+00
1.171875000000000000e-01 1.099999999999999645e+00
1.328125000000000000e-01 1.099999999999999645e+00
1.484375000000000000e-01 1.099999999999999645e+00
1.640625000000000000e-01 1.099999999999999645e+00
1.796875000000000000e-01 1.099999999999999645e+00
1.953125000000000000e-01 1.099999999999997868e+00
2.109375000000000000e-01 1.099999999999969669e+00
2.265625000000000000e-01 1.099999999999512257e+00
2.421875000000000000e-01 1.099999999992090638e+00
2.578125000000000000e-01 1.099999999871649647e+00
2.734375000000000000e-01 1.099999997917135097e+00
2.890625000000000000e-01 1.099999966198909052e+00
3.046875000000000000e-01 1.099999451517781335e+00
3.203125000000000000e-01 1.099991107850084138e+00
3.359375000000000000e-01 1.099857647748847089e+00
3.515625000000000000e-01 1.097936981686594482e+00
3.671875000000000000e-01 1.078622297790108764e+00
3.828125000000000000e-01 9.701180303908436553e-01
3.984375000000000000e-01 6.412530471161059786e-01
4.140625000000000000e-01 8.800903544003876866e-02
4.296875000000000000e-01 -9.879313284342726431e-02
4.453125000000000000e-01 -9.999999653895222385e-02
4.609375000000000000e-01 -9.999999999999997780e-02
4.765625000000000000e-01 -9.999999999999997780e-02
4.921875000000000000e-01 -9.999999999999997780e-02
5.078125000000000000e-01 -1.000000000000000056e-01
5.234375000000000000e-01 -1.000000000000000056e-01
5.390625000000000000e-01 -1.000000000000000056e-01
5.546875000000000000e-01 -1.000000000000000056e-01
5.703125000000000000e-01 -1.000000000000000056e-01
5.859375000000000000e-01 -1.000000000000000056e-01
6.015625000000000000e-01 -1.000000000000000056e-01
6.171875000000000000e-01 -1.000000000000000056e-01
6.328125000000000000e-01 -1.000000000000000056e-01
6.484375000000000000e-01 -1.000000000000000056e-01
6.640625000000000000e-01 -1.000000000000000056e-01
6.796875000000000000e-01 -1.000000000000000056e-01
6.953125000000000000e-01 -1.000000000000000056e-01
7.109375000000000000e-01 -1.000000000000000056e-01
7.265625000000000000e-01 -1.000000000000000056e-01
7.421875000000000000e-01 -1.000000000000000056e-01
7.578125000000000000e-01 -1.000000000000000056e-01
7.734375000000000000e-01 -1.000000000000000056e-01
7.890625000000000000e-01 -1.000000000000000056e-01
8.046875000000000000e-01 -1.000000000000000056e-01
8.203125000000000000e-01 -1.000000000000000056e-01
8.359375000000000000e-01 -1.000000000000000056e-01
8.515625000000000000e-01 -1.000000000000000056e-01
8.671875000000000000e-01 -1.000000000000000056e-01
8.828125000000000000e-01 -1.000000000000000056e-01
8.984375000000000000e-01 -1.000000000000000056e-01
9.140625000000000000e-01 -1.000000000000000056e-01
9.296875000000000000e-01 -1.000000000000000056e-01
9.453125000000000000e-01 -1.000000000000000056e-01
9.609375000000000000e-01 -1.000000000000000056e-01
9.765625000000000000e-01 -1.000000000000000056e-01
9.921875000000000000e-01 -1.000000000000000056e-01
