-0.24285714285714285 0.0
-0.22857142857142856 0.0
-0.21428571428571427 0.0
-0.19999999999999998 0.0
-0.18571428571428572 0.0
-0.17142857142857143 0.0
-0.15714285714285714 0.0
-0.14285714285714288 0.0
-0.1285714285714286 0.0
-0.1142857142857143 0.02799999999999999
-0.1 0.11199999999999996
-0.08571428571428572 0.22399999999999992
-0.07142857142857142 1.3159999999999996
-0.057142857142857134 3.164000000000005
-0.04285714285714287 5.095999999999998
-0.028571428571428584 7.615999999999997
-0.014285714285714294 10.639999999999997
-2.6020852139652106e-18 13.41200000000002
0.01428571428571426 11.479999999999995
0.02857142857142855 9.043999999999997
0.042857142857142844 4.7879999999999985
0.057142857142857134 2.491999999999999
0.07142857142857142 0.5599999999999998
0.08571428571428572 0.02799999999999999
0.1 0.0
0.1142857142857143 0.0
0.1285714285714286 0.0
0.14285714285714282 0.0
0.1571428571428571 0.0
0.1714285714285714 0.0
0.1857142857142857 0.0
0.19999999999999998 0.0
0.21428571428571427 0.0
0.22857142857142856 0.0
0.24285714285714285 0.0
