-0.24285714285714285 0.0
-0.22857142857142856 0.0
-0.21428571428571427 0.0
-0.19999999999999998 0.0
-0.18571428571428572 0.0
-0.17142857142857143 0.0
-0.15714285714285714 0.0
-0.14285714285714288 0.0
-0.1285714285714286 0.08399999999999998
-0.1142857142857143 0.3359999999999999
-0.1 0.6999999999999997
-0.08571428571428572 2.015999999999999
-0.07142857142857142 3.163999999999999
-0.057142857142857134 5.320000000000009
-0.04285714285714287 6.467999999999998
-0.028571428571428584 7.531999999999997
-0.014285714285714294 7.223999999999997
-2.6020852139652106e-18 8.008000000000013
0.01428571428571426 6.523999999999998
0.02857142857142855 6.243999999999998
0.042857142857142844 5.6279999999999974
0.057142857142857134 3.6679999999999984
0.07142857142857142 2.519999999999999
0.08571428571428572 2.463999999999999
0.1 1.1759999999999997
0.1142857142857143 0.6159999999999998
0.1285714285714286 0.0840000000000003
0.14285714285714282 0.05599999999999998
0.1571428571428571 0.08399999999999998
0.1714285714285714 0.05599999999999998
0.1857142857142857 0.02799999999999999
0.19999999999999998 0.0
0.21428571428571427 0.0
0.22857142857142856 0.0
0.24285714285714285 0.0
