-0.9921875 0.49268212640014614
-0.9765625 0.49268212640014614
-0.9609375 0.49268212640014614
-0.9453125 0.49268212640014614
-0.9296875 0.49268212640014614
-0.9140625 0.49268212640014614
-0.8984375 0.49268212640014614
-0.8828125 0.49268212640014614
-0.8671875 0.49268212640014614
-0.8515625 0.49268212640014614
-0.8359375 0.49268212640014614
-0.8203125 0.49268212640014614
-0.8046875 0.49268212640014614
-0.7890625 0.49268212640014614
-0.7734375 0.49268212640014614
-0.7578125 0.49268212640014614
-0.7421875 0.49268212640014614
-0.7265625 0.49268212640014614
-0.7109375 0.49268212640014614
-0.6953125 0.49268212640014614
-0.6796875 0.49268212640014614
-0.6640625 0.49268212640014614
-0.6484375 0.49268212640014614
-0.6328125 0.49268212640014614
-0.6171875 0.49268212640014614
-0.6015625 0.49268212640014614
-0.5859375 0.49268212640014614
-0.5703125 0.49268212640014614
-0.5546875 0.49268212640014614
-0.5390625 0.49268212640014614
-0.5234375 0.49268212640014614
-0.5078125 0.49268212640014614
-0.4921875 0.4926821264001462
-0.4765625 0.49268212640014625
-0.4609375 0.4926821264001463
-0.4453125 0.49268212640014636
-0.4296875 0.4926821264001464
-0.4140625 0.49268212640014647
-0.3984375 0.4926821264001465
-0.3828125 0.4926821264001466
-0.3671875 0.49268212640014664
-0.3515625 0.4926821264001467
-0.3359375 0.49268212640014675
-0.3203125 0.4926821264001468
-0.3046875 0.49268212640014686
-0.2890625 0.4926821264001469
-0.2734375 0.49268212640014697
-0.2578125 0.492682126400147
-0.2421875 0.4926821264001471
-0.2265625 0.4926821264001472
-0.2109375 0.49268212640014797
-0.1953125 0.49268212640015224
-0.1796875 0.4926821264001729
-0.1640625 0.49268212640026465
-0.1484375 0.49268212640065084
-0.1328125 0.49268212640219394
-0.1171875 0.49268212640806
-0.1015625 0.4926821264293117
-0.0859375 0.49268212650280196
-0.0703125 0.49268212674572454
-0.0546875 0.49268212751429347
-0.0390625 0.49268212984455445
-0.0234375 0.4926821366229252
-0.0078125 0.49268215555956885
0.0078125 0.9932471631160167
0.0234375 0.9932472154539279
0.0390625 0.9932473522287626
0.0546875 0.9932476959498355
0.0703125 0.9932485272765353
0.0859375 0.9932504636315866
0.1015625 0.9932548090810756
0.1171875 0.9932642062447566
0.1328125 0.9932837866097014
0.1484375 0.9933230807229776
0.1640625 0.9933989771652478
0.1796875 0.99353994456326
0.1953125 0.9937914740111405
0.2109375 0.9942222059952547
0.2265625 0.9949295214007228
0.2421875 0.9960427166015045
0.2578125 0.9977216312657636
0.2734375 1.0001491498062314
0.2890625 1.0035174727381637
0.3046875 1.0080100552105116
0.3203125 1.0137827880806727
0.3359375 1.0209485027595482
0.3515625 1.029567919507367
0.3671875 1.0396481978237957
0.3828125 1.0511481988750089
0.3984375 1.0639882199293715
0.4140625 1.0780615958082727
0.4296875 1.0932459846479319
0.4453125 1.1094129484586681
0.4609375 1.1264352313769206
0.4765625 1.144191725457159
0.4921875 1.1625704488493591
0.5078125 1.1814699898203678
0.5234375 1.2007998667419324
0.5390625 1.2204801851718814
0.5546875 1.2404408837057848
0.5703125 1.2606207753645382
0.5859375 1.2809665215202217
0.6015625 1.3014316229566019
0.6171875 1.3219754757862432
0.6328125 1.3425625153821479
0.6484375 1.3631614559610854
0.6640625 1.3837446242224882
0.6796875 1.4042873803921787
0.6953125 1.4247676176284834
0.7109375 1.4451653299784644
0.7265625 1.465462239234984
0.7421875 1.4856414717002147
0.7578125 1.5056872767354794
0.7734375 1.5255847799095452
0.7890625 1.5453197644575178
0.8046875 1.5648784755848886
0.8203125 1.584247442877921
0.8359375 1.6034133167108058
0.8515625 1.622362715079954
0.8671875 1.6410820777605994
0.8828125 1.6595575250890593
0.8984375 1.6777747190479766
0.9140625 1.6957187246987602
0.9296875 1.7133738703986694
0.9453125 1.7307236057016793
0.9609375 1.747750356426532
0.9765625 1.7644353771522134
0.9921875 1.7807586024607838
