-9.921875000000000000e-01 5.000000000000000000e-01
-9.765625000000000000e-01 5.000000000000000000e-01
-9.609375000000000000e-01 5.000000000000000000e-01
-9.453125000000000000e-01 5.000000000000000000e-01
-9.296875000000000000e-01 5.000000000000000000e-01
-9.140625000000000000e-01 5.000000000000000000e-01
-8.984375000000000000e-01 5.000000000000000000e-01
-8.828125000000000000e-01 5.000000000000000000e-01
-8.671875000000000000e-01 5.000000000000000000e-01
-8.515625000000000000e-01 5.000000000000000000e-01
-8.359375000000000000e-01 5.000000000000000000e-01
-8.203125000000000000e-01 5.000000000000000000e-01
-8.046875000000000000e-01 5.000000000000000000e-01
-7.890625000000000000e-01 5.000000000000000000e-01
-7.734375000000000000e-01 5.000000000000000000e-01
-7.578125000000000000e-01 5.000000000000000000e-01
-7.421875000000000000e-01 5.000000000000000000e-01
-7.265625000000000000e-01 5.000000000000000000e-01
-7.109375000000000000e-01 5.000000000000000000e-01
-6.953125000000000000e-01 5.000000000000000000e-01
-6.796875000000000000e-01 5.000000000000000000e-01
-6.640625000000000000e-01 5.000000000000000000e-01
-6.484375000000000000e-01 5.000000000000000000e-01
-6.328125000000000000e-01 5.000000000000000000e-01
-6.171875000000000000e-01 5.000000000000000000e-01
-6.015625000000000000e-01 5.000000000000000000e-01
-5.859375000000000000e-01 5.000000000000000000e-01
-5.703125000000000000e-01 5.000000000000000000e-01
-5.546875000000000000e-01 5.000000000000000000e-01
-5.390625000000000000e-01 5.000000000000000000e-01
-5.234375000000000000e-01 5.000000000000000000e-01
-5.078125000000000000e-01 5.000000000000000000e-01
-4.921875000000000000e-01 5.000000000000001110e-01
-4.765625000000000000e-01 5.000000000000002220e-01
-4.609375000000000000e-01 5.000000000000003331e-01
-4.453125000000000000e-01 5.000000000000004441e-01
-4.296875000000000000e-01 5.000000000000005551e-01
-4.140625000000000000e-01 5.000000000000006661e-01
-3.984375000000000000e-01 5.000000000000007772e-01
-3.828125000000000000e-01 5.000000000000008882e-01
-3.671875000000000000e-01 5.000000000000009992e-01
-3.515625000000000000e-01 5.000000000000011102e-01
-3.359375000000000000e-01 5.000000000000012212e-01
-3.203125000000000000e-01 5.000000000000013323e-01
-3.046875000000000000e-01 5.000000000000014433e-01
-2.890625000000000000e-01 5.000000000000015543e-01
-2.734375000000000000e-01 5.000000000000016653e-01
-2.578125000000000000e-01 5.000000000000017764e-01
-2.421875000000000000e-01 5.000000000000018874e-01
-2.265625000000000000e-01 5.000000000000019984e-01
-2.109375000000000000e-01 5.000000000000027756e-01
-1.953125000000000000e-01 5.000000000000073275e-01
-1.796875000000000000e-01 5.000000000000296430e-01
-1.640625000000000000e-01 5.000000000001288969e-01
-1.484375000000000000e-01 5.000000000005465628e-01
-1.328125000000000000e-01 5.000000000022121194e-01
-1.171875000000000000e-01 5.000000000085312868e-01
-1.015625000000000000e-01 5.000000000313792325e-01
-8.593750000000000000e-02 5.000000001102330449e-01
-7.031250000000000000e-02 5.000000003703694018e-01
-5.468750000000000000e-02 5.000000011917725695e-01
-3.906250000000000000e-02 5.000000036772984657e-01
-2.343750000000000000e-02 5.000000108930109377e-01
-7.812500000000000000e-03 5.000000310115784163e-01
7.812500000000000000e-03 1.000000031011577972e+00
2.343750000000000000e-02 1.000000084937441747e+00
3.906250000000000000e-02 1.000000224019786943e+00
5.468750000000000000e-02 1.000000569462925260e+00
7.031250000000000000e-02 1.000001396295740586e+00
8.593750000000000000e-02 1.000003304559635708e+00
1.015625000000000000e-01 1.000007552692304458e+00
1.171875000000000000e-01 1.000016675997364324e+00
1.328125000000000000e-01 1.000035574944571071e+00
1.484375000000000000e-01 1.000073320648323882e+00
1.640625000000000000e-01 1.000145954785231606e+00
1.796875000000000000e-01 1.000280499436421389e+00
1.953125000000000000e-01 1.000520163309156940e+00
2.109375000000000000e-01 1.000930278819614827e+00
2.265625000000000000e-01 1.001603860577615857e+00
2.421875000000000000e-01 1.002665027600450065e+00
2.578125000000000000e-01 1.004268230667576534e+00
2.734375000000000000e-01 1.006591658676913026e+00
2.890625000000000000e-01 1.009824520877030674e+00
3.046875000000000000e-01 1.014149799155531273e+00
3.203125000000000000e-01 1.019725764452412031e+00
3.359375000000000000e-01 1.026670214523767610e+00
3.515625000000000000e-01 1.035050644986922119e+00
3.671875000000000000e-01 1.044881766707050241e+00
3.828125000000000000e-01 1.056129771071048662e+00
3.984375000000000000e-01 1.068721316651220388e+00
4.140625000000000000e-01 1.082554717474842443e+00
4.296875000000000000e-01 1.097511123704346003e+00
4.453125000000000000e-01 1.113464217375791376e+00
4.609375000000000000e-01 1.130287726139045823e+00
4.765625000000000000e-01 1.147860663108153600e+00
4.921875000000000000e-01 1.166070564569719581e+00
5.078125000000000000e-01 1.184815152161786678e+00
5.234375000000000000e-01 1.204002861481886955e+00
5.390625000000000000e-01 1.223552620960885351e+00
5.546875000000000000e-01 1.243393180342354132e+00
5.703125000000000000e-01 1.263462204444037118e+00
5.859375000000000000e-01 1.283705277429896929e+00
6.015625000000000000e-01 1.304074908953694267e+00
6.171875000000000000e-01 1.324529595069544818e+00
6.328125000000000000e-01 1.345032960823837609e+00
6.484375000000000000e-01 1.365552994782780916e+00
6.640625000000000000e-01 1.386061375656981509e+00
6.796875000000000000e-01 1.406532885509814479e+00
6.953125000000000000e-01 1.426944901212544803e+00
7.109375000000000000e-01 1.447276954746988809e+00
7.265625000000000000e-01 1.467510352927106521e+00
7.421875000000000000e-01 1.487627847642889467e+00
7.578125000000000000e-01 1.507613348528418662e+00
7.734375000000000000e-01 1.527451670843803289e+00
7.890625000000000000e-01 1.547128312236780934e+00
8.046875000000000000e-01 1.566629252861275079e+00
8.203125000000000000e-01 1.585940774054243052e+00
8.359375000000000000e-01 1.605049291403915390e+00
8.515625000000000000e-01 1.623941198588310320e+00
8.671875000000000000e-01 1.642602718835835862e+00
8.828125000000000000e-01 1.661019761277994666e+00
8.984375000000000000e-01 1.679177779850198338e+00
9.140625000000000000e-01 1.697061632778101847e+00
9.296875000000000000e-01 1.714655441097959754e+00
9.453125000000000000e-01 1.731942445143660025e+00
9.609375000000000000e-01 1.748904858546018071e+00
9.765625000000000000e-01 1.765523720103609362e+00
9.921875000000000000e-01 1.781778744991391994e+00
