-9.921875000000000000e-01 5.999999999999999778e-01
-9.765625000000000000e-01 5.999999999999999778e-01
-9.609375000000000000e-01 5.999999999999999778e-01
-9.453125000000000000e-01 5.999999999999999778e-01
-9.296875000000000000e-01 5.999999999999999778e-01
-9.140625000000000000e-01 5.999999999999999778e-01
-8.984375000000000000e-01 5.999999999999999778e-01
-8.828125000000000000e-01 5.999999999999999778e-01
-8.671875000000000000e-01 5.999999999999999778e-01
-8.515625000000000000e-01 5.999999999999999778e-01
-8.359375000000000000e-01 5.999999999999999778e-01
-8.203125000000000000e-01 5.999999999999999778e-01
-8.046875000000000000e-01 5.999999999999999778e-01
-7.890625000000000000e-01 5.999999999999999778e-01
-7.734375000000000000e-01 5.999999999999999778e-01
-7.578125000000000000e-01 5.999999999999999778e-01
-7.421875000000000000e-01 5.999999999999999778e-01
-7.265625000000000000e-01 5.999999999999999778e-01
-7.109375000000000000e-01 5.999999999999999778e-01
-6.953125000000000000e-01 5.999999999999999778e-01
-6.796875000000000000e-01 5.999999999999999778e-01
-6.640625000000000000e-01 5.999999999999999778e-01
-6.484375000000000000e-01 5.999999999999999778e-01
-6.328125000000000000e-01 5.999999999999999778e-01
-6.171875000000000000e-01 5.999999999999999778e-01
-6.015625000000000000e-01 5.999999999999999778e-01
-5.859375000000000000e-01 5.999999999999999778e-01
-5.703125000000000000e-01 5.999999999999999778e-01
-5.546875000000000000e-01 5.999999999999999778e-01
-5.390625000000000000e-01 5.999999999999999778e-01
-5.234375000000000000e-01 5.999999999999999778e-01
-5.078125000000000000e-01 5.999999999999999778e-01
-4.921875000000000000e-01 6.000000000000000888e-01
-4.765625000000000000e-01 6.000000000000001998e-01
-4.609375000000000000e-01 6.000000000000003109e-01
-4.453125000000000000e-01 6.000000000000004219e-01
-4.296875000000000000e-01 6.000000000000005329e-01
-4.140625000000000000e-01 6.000000000000005329e-01
-3.984375000000000000e-01 6.000000000000005329e-01
-3.828125000000000000e-01 6.000000000000005329e-01
-3.671875000000000000e-01 6.000000000000005329e-01
-3.515625000000000000e-01 6.000000000000005329e-01
-3.359375000000000000e-01 6.000000000000005329e-01
-3.203125000000000000e-01 6.000000000000005329e-01
-3.046875000000000000e-01 6.000000000000005329e-01
-2.890625000000000000e-01 6.000000000000005329e-01
-2.734375000000000000e-01 6.000000000000005329e-01
-2.578125000000000000e-01 6.000000000000005329e-01
-2.421875000000000000e-01 6.000000000000005329e-01
-2.265625000000000000e-01 6.000000000000005329e-01
-2.109375000000000000e-01 6.000000000000005329e-01
-1.953125000000000000e-01 6.000000000000005329e-01
-1.796875000000000000e-01 6.000000000000005329e-01
-1.640625000000000000e-01 6.000000000000005329e-01
-1.484375000000000000e-01 6.000000000000006439e-01
-1.328125000000000000e-01 6.000000000000017542e-01
-1.171875000000000000e-01 6.000000000000067502e-01
-1.015625000000000000e-01 6.000000000000282885e-01
-8.593750000000000000e-02 6.000000000001156630e-01
-7.031250000000000000e-02 6.000000000004549472e-01
-5.468750000000000000e-02 6.000000000017167157e-01
-3.906250000000000000e-02 6.000000000062134520e-01
-2.343750000000000000e-02 6.000000000215877094e-01
-7.812500000000000000e-03 6.000000000720711046e-01
7.812500000000000000e-03 1.148912529376608704e+00
2.343750000000000000e-02 1.148912529510959013e+00
3.906250000000000000e-02 1.148912529889447809e+00
5.468750000000000000e-02 1.148912530924383502e+00
7.031250000000000000e-02 1.148912533671841985e+00
8.593750000000000000e-02 1.148912540754811751e+00
1.015625000000000000e-01 1.148912558491405056e+00
1.171875000000000000e-01 1.148912601642529063e+00
1.328125000000000000e-01 1.148912703657822165e+00
1.484375000000000000e-01 1.148912938056568356e+00
1.640625000000000000e-01 1.148913461537902636e+00
1.796875000000000000e-01 1.148914597873529342e+00
1.953125000000000000e-01 1.148916995218348225e+00
2.109375000000000000e-01 1.148921909716086320e+00
2.265625000000000000e-01 1.148931695614958226e+00
2.421875000000000000e-01 1.148950613990778136e+00
2.578125000000000000e-01 1.148986100309278502e+00
2.734375000000000000e-01 1.149050638564711679e+00
2.890625000000000000e-01 1.149164350269380019e+00
3.046875000000000000e-01 1.149358288939840822e+00
3.203125000000000000e-01 1.149678212615070416e+00
3.359375000000000000e-01 1.150188298280644172e+00
3.515625000000000000e-01 1.150973930295492886e+00
3.671875000000000000e-01 1.152142473360330266e+00
3.828125000000000000e-01 1.153820996402712185e+00
3.984375000000000000e-01 1.156150366572499699e+00
4.140625000000000000e-01 1.159275953257707492e+00
4.296875000000000000e-01 1.163336141930520817e+00
4.453125000000000000e-01 1.168450593721988895e+00
4.609375000000000000e-01 1.174710377094832392e+00
4.765625000000000000e-01 1.182171645032398022e+00
4.921875000000000000e-01 1.190853620892994957e+00
5.078125000000000000e-01 1.200740650224753070e+00
5.234375000000000000e-01 1.211787316522764613e+00
5.390625000000000000e-01 1.223925279728680371e+00
5.546875000000000000e-01 1.237070555030137298e+00
5.703125000000000000e-01 1.251130260852663989e+00
5.859375000000000000e-01 1.266008259882341669e+00
6.015625000000000000e-01 1.281609470942797424e+00
6.171875000000000000e-01 1.297842882806974352e+00
6.328125000000000000e-01 1.314623446072908264e+00
6.484375000000000000e-01 1.331873077286480411e+00
6.640625000000000000e-01 1.349521010330483550e+00
6.796875000000000000e-01 1.367503700316641924e+00
6.953125000000000000e-01 1.385764443831617454e+00
7.109375000000000000e-01 1.404252837822431710e+00
7.265625000000000000e-01 1.422924163294658539e+00
7.421875000000000000e-01 1.441738751254118434e+00
7.578125000000000000e-01 1.460661366819997253e+00
7.734375000000000000e-01 1.479660632122828723e+00
7.890625000000000000e-01 1.498708498159304403e+00
8.046875000000000000e-01 1.517779768960879183e+00
8.203125000000000000e-01 1.536851677202416999e+00
8.359375000000000000e-01 1.555903507921122086e+00
8.515625000000000000e-01 1.574916265736637122e+00
8.671875000000000000e-01 1.593872380434974589e+00
8.828125000000000000e-01 1.612755445708229596e+00
8.984375000000000000e-01 1.631549986031803456e+00
9.140625000000000000e-01 1.650241246982539822e+00
9.296875000000000000e-01 1.668815004673435576e+00
9.453125000000000000e-01 1.687257390354204523e+00
9.609375000000000000e-01 1.705554726574162405e+00
9.765625000000000000e-01 1.723693371611159986e+00
9.921875000000000000e-01 1.741659569133952035e+00
