-0.9921875 0.49585548586676
-0.9765625 0.49585548586676
-0.9609375 0.49585548586676
-0.9453125 0.49585548586676
-0.9296875 0.49585548586676
-0.9140625 0.49585548586676
-0.8984375 0.49585548586676
-0.8828125 0.49585548586676
-0.8671875 0.49585548586676
-0.8515625 0.49585548586676
-0.8359375 0.49585548586676
-0.8203125 0.49585548586676
-0.8046875 0.49585548586676
-0.7890625 0.49585548586676
-0.7734375 0.49585548586676
-0.7578125 0.49585548586676
-0.7421875 0.49585548586676
-0.7265625 0.49585548586676
-0.7109375 0.49585548586676
-0.6953125 0.49585548586676
-0.6796875 0.49585548586676
-0.6640625 0.49585548586676
-0.6484375 0.49585548586676
-0.6328125 0.49585548586676
-0.6171875 0.49585548586676
-0.6015625 0.49585548586676
-0.5859375 0.49585548586676
-0.5703125 0.49585548586676
-0.5546875 0.49585548586676
-0.5390625 0.49585548586676
-0.5234375 0.49585548586676
-0.5078125 0.49585548586676
-0.4921875 0.49585548586676004
-0.4765625 0.4958554858667601
-0.4609375 0.49585548586676015
-0.4453125 0.4958554858667602
-0.4296875 0.49585548586676026
-0.4140625 0.4958554858667603
-0.3984375 0.49585548586676037
-0.3828125 0.4958554858667604
-0.3671875 0.4958554858667605
-0.3515625 0.49585548586676054
-0.3359375 0.4958554858667606
-0.3203125 0.49585548586676065
-0.3046875 0.4958554858667607
-0.2890625 0.49585548586676076
-0.2734375 0.4958554858667608
-0.2578125 0.49585548586676087
-0.2421875 0.4958554858667609
-0.2265625 0.49585548586676104
-0.2109375 0.4958554858667618
-0.1953125 0.4958554858667663
-0.1796875 0.49585548586678757
-0.1640625 0.49585548586688205
-0.1484375 0.49585548586727923
-0.1328125 0.49585548586886524
-0.1171875 0.4958554858748901
-0.1015625 0.4958554858967013
-0.0859375 0.49585548597207196
-0.0703125 0.49585548622103115
-0.0546875 0.49585548700813276
-0.0390625 0.4958554893928682
-0.0234375 0.49585549632471
-0.0078125 0.4958555156761818
0.0078125 0.9962250685295359
0.0234375 0.9962251213185389
0.0390625 0.9962252585081666
0.0546875 0.9962256015753526
0.0703125 0.9962264277107609
0.0859375 0.9962283446239816
0.1015625 0.9962326321706377
0.1171875 0.9962418778270247
0.1328125 0.9962610969438611
0.1484375 0.9962995927779285
0.1640625 0.9963738401335358
0.1796875 0.9965116081569211
0.1953125 0.9967572942724915
0.2109375 0.9971779672975182
0.2265625 0.997868951589133
0.2421875 0.9989571283357188
0.2578125 1.0005998535904566
0.2734375 1.002977887492242
0.2890625 1.0062821337539587
0.3046875 1.0106959440564758
0.3203125 1.0163764346876236
0.3359375 1.0234388454314332
0.3515625 1.0319471103005815
0.3671875 1.041911921307342
0.3828125 1.0532955308333207
0.3984375 1.0660211486075521
0.4140625 1.0799843635888224
0.4296875 1.095064392219641
0.4453125 1.111133720827974
0.4609375 1.1280654982319036
0.4765625 1.145738630941725
0.4921875 1.164040882007614
0.5078125 1.1828704153401095
0.5234375 1.2021362324757032
0.5390625 1.2217578845890862
0.5546875 1.241664755218365
0.5703125 1.2617951247084567
0.5859375 1.2820951572184653
0.6015625 1.3025178980129954
0.6171875 1.3230223311266125
0.6328125 1.3435725222646389
0.6484375 1.3641368557564317
0.6640625 1.3846873647503988
0.6796875 1.4051991485035606
0.6953125 1.4256498680317555
0.7109375 1.4460193104857264
0.7265625 1.4662890126957864
0.7421875 1.486441934928495
0.7578125 1.5064621767400868
0.7734375 1.526334727724637
0.7890625 1.546045246845028
0.8046875 1.5655798648529444
0.8203125 1.584925005030102
0.8359375 1.6040672181136448
0.8515625 1.6229930278114009
0.8671875 1.641688783781197
0.8828125 1.660140519360959
0.8984375 1.6783338117153546
0.9140625 1.6962536424375272
0.9296875 1.7138842570447568
0.9453125 1.73120902227727
0.9609375 1.7482102807045954
0.9765625 1.7648692029345432
0.9921875 1.781165638797226
