-0.24285714285714285 0.0
-0.22857142857142856 0.0
-0.21428571428571427 0.0
-0.19999999999999998 0.0
-0.18571428571428572 0.0
-0.17142857142857143 0.0
-0.15714285714285714 0.0
-0.14285714285714288 0.0
-0.1285714285714286 0.0
-0.1142857142857143 0.0
-0.1 0.0
-0.08571428571428572 0.0
-0.07142857142857142 0.11199999999999996
-0.057142857142857134 0.8400000000000013
-0.04285714285714287 4.087999999999998
-0.028571428571428584 11.871999999999996
-0.014285714285714294 18.843999999999994
-2.6020852139652106e-18 18.284000000000027
0.01428571428571426 10.723999999999997
0.02857142857142855 4.339999999999999
0.042857142857142844 0.7279999999999998
0.057142857142857134 0.13999999999999996
0.07142857142857142 0.02799999999999999
0.08571428571428572 0.0
0.1 0.0
0.1142857142857143 0.0
0.1285714285714286 0.0
0.14285714285714282 0.0
0.1571428571428571 0.0
0.1714285714285714 0.0
0.1857142857142857 0.0
0.19999999999999998 0.0
0.21428571428571427 0.0
0.22857142857142856 0.0
0.24285714285714285 0.0
